100
347 582
146 974
512 523
736 951
206 263
272 582
326 333
33 892
549 778
201 251
660 774
574 674
495 697
350 676
96 198
207 742
283 831
631 635
174 181
552 774
645 716
271 730
172 457
432 748
289 479
179 218
611 763
111 844
216 767
283 472
676 951
162 374
75 992
556 900
434 663
206 221
265 278
431 773
77 982
333 836
416 752
54 241
576 731
637 984
750 779
179 197
307 389
625 682
165 870
454 486
344 478
16 592
125 855
477 578
271 482
511 827
387 726
345 430
345 560
744 823
252 902
473 651
192 325
396 864
553 556
316 342
327 471
437 720
146 832
831 837
181 220
126 954
97 714
875 965
362 810
4 443
37 89
157 826
894 960
506 881
66 559
951 984
329 928
514 840
751 853
131 829
52 607
408 754
243 581
342 804
79 919
97 328
294 456
455 544
784 889
125 314
272 864
504 505
755 840
328 826
