100
8279 35391
15000 39421
14124 43451
31885 45055
13193 33072
12816 47192
26347 47524
41273 44796
6891 37875
11687 25678
18204 41199
36520 37754
7033 37688
9626 41524
12474 17800
14393 18812
2482 29082
34140 45469
37503 47614
34608 36742
18558 39796
14671 48077
6391 36631
15986 20110
20142 39343
24746 37654
35861 46579
22035 37787
1373 4501
16399 45233
27595 38667
36720 48298
17031 42367
16301 41812
43100 49822
41567 43188
12079 48592
40880 49980
26173 33790
28259 37796
17798 37073
4866 30295
25954 36865
12285 44007
25821 39493
23208 29860
702 17347
1553 23411
13891 45646
15426 20480
34281 49061
26585 48404
4231 23787
1848 33439
10818 19999
30912 34760
6454 33375
5814 10965
18549 23077
12446 17568
20157 40618
6280 37045
48803 49500
9019 14834
23348 39103
11479 46121
12941 41808
4098 12185
25576 33472
10045 36755
8153 22280
15217 18035
14150 28400
18342 46589
33511 43532
23258 30447
29635 39558
8477 10347
16810 35782
18170 49923
37026 41871
33128 49192
557 942
5812 27157
1493 8951
1471 32275
1315 18746
25837 46166
35562 39808
18858 38191
6996 18066
29999 31481
7370 24692
35090 46098
2552 37741
9567 14594
18978 44139
25642 31283
24323 40372
18647 41079
