1000
44916 44924
26194 26199
44389 44398
38603 38604
89684 89693
7710 7718
60295 60298
93541 93541
43708 43724
97881 97892
26405 26405
10069 10076
62901 62907
28086 28091
68054 68058
30515 30533
24743 24743
90599 90610
71498 71508
51335 51347
89455 89473
55676 55681
10862 10864
25020 25036
95172 95180
66468 66487
3837 3843
60871 60883
42961 42978
97440 97458
26064 26074
21024 21026
94147 94150
99897 99912
18309 18309
57821 57838
13538 13550
62206 62214
65930 65945
91988 92007
66276 66281
28654 28664
24552 24556
31304 31322
82381 82400
71535 71539
40978 40998
19115 19128
87321 87340
11258 11259
84902 84907
47152 47157
55470 55488
59340 59359
76794 76803
2610 2616
941 952
92088 92099
89111 89127
803 803
99459 99475
65195 65195
89049 89057
97619 97635
52977 52997
32641 32654
26450 26460
5861 5861
37173 37182
57696 57705
70779 70785
63176 63187
59289 59295
13494 13498
49326 49331
37685 37702
12933 12934
27535 27544
22749 22762
69095 69102
4220 4231
76249 76260
80393 80397
59914 59925
97085 97105
99889 99896
37781 37799
13665 13672
65527 65534
22987 22991
78411 78416
96301 96310
30512 30527
17698 17699
93080 93080
62721 62732
34760 34776
75151 75170
92897 92910
70220 70238
85510 85527
96396 96407
40904 40912
8334 8344
49422 49435
13901 13909
65944 65961
99676 99694
92288 92299
23081 23081
6576 6595
83406 83415
86253 86272
52396 52402
36976 36977
9819 9833
56567 56580
2448 2458
50663 50683
3459 3479
34772 34781
46546 46556
75723 75737
50518 50518
58396 58404
60657 60658
32920 32922
55148 55154
64322 64330
80555 80570
76588 76606
35394 35410
91300 91309
88676 88696
43773 43775
52959 52975
50342 50359
81154 81172
92779 92780
36825 36827
62145 62164
4602 4614
91730 91734
51832 51842
4177 4182
35964 35969
56119 56120
68666 68667
69407 69426
25962 25976
55021 55036
30797 30807
39091 39109
94233 94237
23843 23845
53505 53515
29749 29753
62241 62245
22445 22461
94356 94365
60587 60599
51594 51613
61375 61387
59072 59089
61050 61063
52278 52284
16295 16306
59048 59059
17247 17248
49197 49197
8289 8296
99217 99224
18846 18858
1225 1227
5682 5692
15826 15826
94972 94988
52930 52937
54245 54252
79770 79770
51565 51566
32017 32023
20564 20583
84487 84502
38148 38150
3792 3796
57335 57336
85524 85544
53585 53592
46264 46270
48917 48930
37143 37149
54249 54250
20581 20590
15874 15878
64665 64674
9625 9629
33664 33674
30276 30278
54082 54084
68647 68650
42134 42136
40723 40740
68878 68882
11564 11565
75474 75487
20734 20747
21723 21726
93146 93149
23812 23832
56230 56243
31192 31208
84406 84410
63666 63681
77021 77036
3424 3430
69371 69380
1292 1302
15781 15796
83448 83455
91689 91707
34598 34607
56402 56414
19649 19666
90202 90208
97127 97128
6123 6131
55881 55885
33471 33481
96506 96523
89128 89140
25056 25067
19617 19621
73976 73986
21357 21358
17318 17324
60102 60108
64994 65002
68576 68596
58900 58902
99197 99203
77571 77577
29285 29302
98148 98151
87096 87101
87337 87356
63759 63770
97150 97153
48631 48645
74343 74358
14049 14052
70710 70721
2827 2842
8104 8114
36215 36219
29503 29521
66164 66176
41409 41410
58321 58331
1182 1186
48094 48113
26463 26467
46042 46058
39408 39410
27307 27320
11861 11877
93566 93582
74458 74469
14728 14736
31920 31926
17454 17457
9617 9635
13439 13456
72245 72245
37236 37246
30401 30404
88321 88331
52192 52207
15184 15185
17319 17327
39192 39194
95313 95325
64125 64143
25526 25542
18725 18743
19389 19390
3426 3428
43754 43757
60517 60532
1533 1538
59082 59101
73745 73758
7032 7052
38028 38048
48703 48722
90137 90150
96386 96396
95252 95265
69161 69162
21224 21225
73702 73714
92946 92964
10950 10968
91600 91605
19453 19472
67560 67564
73717 73733
41062 41079
9322 9337
38079 38088
50965 50969
57252 57264
21916 21935
69202 69215
12999 13015
63716 63719
49475 49489
11821 11829
90528 90532
41227 41235
61966 61978
13446 13448
55514 55530
74668 74679
16027 16029
7819 7829
73265 73269
88719 88720
9700 9702
1259 1261
74916 74922
10904 10923
49692 49701
22825 22838
90567 90573
75113 75120
50510 50524
24531 24534
90004 90022
6088 6102
53068 53086
60852 60862
28192 28196
70062 70070
11210 11211
92557 92575
34450 34459
19990 20005
16998 17010
70740 70740
98526 98545
65449 65467
15431 15432
43623 43643
24922 24924
73808 73812
3267 3272
4714 4720
71921 71927
38366 38373
75858 75869
85899 85903
63945 63960
6236 6251
65297 65299
41977 41979
54169 54180
42223 42238
44799 44800
58931 58936
48245 48255
65138 65157
26193 26204
74143 74152
51051 51070
59589 59605
65756 65773
94769 94784
53402 53415
31382 31400
47672 47689
37408 37414
38944 38945
14416 14416
94009 94016
91397 91403
44879 44880
84824 84833
60653 60668
32696 32701
54702 54719
35211 35211
2962 2982
2975 2993
27877 27888
97115 97133
4810 4811
75068 75087
13064 13084
93357 93360
42216 42234
1253 1267
95478 95486
89076 89091
59926 59937
25864 25878
76780 76781
70124 70135
26604 26604
6169 6170
75479 75482
28729 28743
73665 73679
58632 58636
20907 20909
94310 94315
77993 77999
39290 39310
31750 31750
5508 5519
56817 56824
76510 76517
69900 69910
80589 80590
46948 46961
80515 80528
18340 18354
2011 2015
97156 97166
40456 40461
59242 59252
23202 23208
63459 63469
49063 49083
10027 10031
28416 28419
15698 15699
90743 90753
57461 57481
75040 75042
40963 40969
38365 38366
53582 53584
91986 92001
95393 95407
15572 15588
69373 69384
82878 82896
24988 24993
71232 71245
42972 42976
30850 30866
249 256
19057 19072
77963 77980
52674 52685
60094 60101
14728 14741
14303 14322
81363 81376
89818 89828
43635 43644
33739 33754
3068 3081
2592 2606
84371 84380
79107 79112
84974 84978
18482 18498
24124 24128
42967 42982
44441 44442
21190 21192
53698 53710
72209 72226
99893 99912
48626 48639
48601 48601
93297 93299
26152 26160
2580 2581
12949 12949
1869 1876
73319 73332
10308 10316
98013 98031
89035 89036
22431 22444
57150 57156
73151 73165
65103 65105
77800 77808
42950 42954
40507 40508
11337 11344
39455 39459
33106 33109
76050 76063
50922 50922
10672 10690
38225 38232
6684 6699
20538 20551
20912 20913
10346 10349
79972 79976
8738 8739
37099 37109
13788 13807
62892 62907
92123 92141
86985 86993
68348 68357
82192 82202
76148 76161
72548 72560
37027 37045
11005 11010
45116 45117
55354 55362
66124 66127
14031 14034
47867 47869
96537 96542
60117 60117
55769 55781
61448 61468
61177 61185
90601 90613
20833 20839
24260 24279
18880 18881
33052 33063
32622 32629
22436 22438
36431 36451
34670 34681
18429 18443
88723 88739
87159 87174
84035 84037
86506 86508
73884 73891
3390 3400
91151 91154
63908 63926
43966 43970
48120 48131
96242 96244
56152 56156
84251 84261
74074 74083
77455 77471
47216 47227
68780 68781
24331 24341
63106 63124
48638 48647
8407 8416
92369 92386
12815 12818
14368 14370
42836 42841
84969 84981
4386 4400
2436 2449
37539 37559
2723 2742
23011 23011
4738 4741
97986 97987
60449 60464
59714 59716
79143 79145
85787 85794
32777 32781
25376 25381
22772 22774
7261 7279
95115 95133
9151 9159
91723 91742
12595 12599
55679 55681
52371 52391
58708 58708
42814 42829
26282 26285
19704 19719
27217 27223
47779 47781
35183 35198
16646 16646
16483 16495
29394 29403
64406 64418
95568 95570
29226 29246
5298 5299
55490 55492
83710 83713
96755 96774
59549 59554
54942 54962
29344 29350
67111 67111
9238 9238
27940 27954
77634 77638
27222 27228
77611 77625
58698 58714
21683 21694
75186 75190
63229 63239
24308 24309
18727 18739
55160 55163
80063 80074
41633 41638
77912 77927
67121 67121
84736 84747
32979 32999
43566 43583
32850 32854
95534 95546
56793 56813
1933 1948
78724 78741
77780 77781
77393 77395
37109 37117
3030 3036
13609 13612
13426 13428
19744 19762
3969 3978
9930 9939
5115 5124
25687 25696
9975 9980
14570 14590
76172 76176
55509 55515
62594 62598
80894 80908
62589 62589
61883 61892
39832 39842
74277 74288
44282 44283
89632 89641
36198 36199
75558 75571
98376 98396
31871 31875
37476 37492
56823 56826
97714 97721
10710 10730
20394 20396
66588 66598
70668 70670
466 474
33578 33587
78052 78068
3625 3645
29037 29042
74770 74771
984 987
29137 29137
18851 18855
62475 62494
59411 59412
93304 93310
84349 84350
13558 13567
41000 41004
22820 22822
69199 69203
33325 33338
16659 16662
20587 20595
59669 59669
65622 65642
67012 67022
42935 42945
37124 37136
71654 71665
75312 75325
57604 57619
96846 96847
42663 42665
26693 26698
14695 14707
10471 10482
14535 14552
32223 32235
40199 40213
98101 98119
59968 59976
26573 26575
37312 37331
71322 71333
46684 46697
43199 43204
13370 13388
11710 11716
25607 25614
67234 67249
85008 85023
14965 14983
13961 13978
37656 37665
53058 53078
39360 39376
74041 74053
39780 39781
66567 66576
58903 58904
23772 23792
45323 45338
57671 57681
57289 57307
51106 51118
7436 7447
51085 51086
3402 3410
73316 73318
92386 92394
16604 16621
45633 45635
62691 62692
36943 36946
4675 4691
35945 35960
8967 8970
85992 85996
3218 3232
42498 42501
45134 45140
94323 94334
35243 35254
74406 74407
38744 38752
99062 99065
99310 99322
12464 12476
76774 76792
64284 64286
53757 53770
99251 99266
73691 73699
91650 91657
8147 8150
58645 58646
86637 86647
98125 98133
58421 58426
15295 15315
28219 28222
46416 46427
38398 38407
42969 42983
57266 57276
3468 3481
57 75
18023 18033
87233 87238
55039 55055
59879 59894
51846 51861
15534 15534
36452 36455
81846 81853
34936 34948
73271 73279
74542 74558
67756 67757
6717 6737
84457 84471
1866 1871
94483 94502
10635 10641
70566 70584
98810 98815
18206 18220
41561 41566
50167 50181
3515 3532
48064 48069
45577 45586
33791 33807
16460 16479
16575 16578
4641 4653
78357 78357
72633 72639
90924 90944
735 755
13004 13011
87451 87455
22399 22406
52547 52563
40546 40556
48869 48883
66885 66892
28231 28239
33050 33062
48825 48827
8010 8028
15043 15052
71939 71951
43117 43130
2977 2996
11151 11156
69418 69435
4670 4678
53022 53034
43687 43695
74563 74572
77142 77158
16776 16789
42221 42229
61647 61660
48625 48625
35954 35967
14336 14346
26042 26048
84837 84849
94228 94235
99366 99366
68567 68581
92997 92998
45343 45361
47236 47245
54221 54237
89345 89351
1918 1932
81178 81188
27372 27372
88194 88210
50801 50810
73190 73208
33452 33471
10170 10170
21945 21954
35348 35355
93785 93788
74121 74127
59718 59728
58597 58616
68940 68950
37928 37943
53758 53773
17689 17694
80183 80202
32559 32560
76631 76648
23586 23599
43133 43153
15180 15192
185 188
65088 65096
44150 44151
2878 2889
16518 16527
150 153
99791 99810
3801 3820
97123 97135
66925 66938
21979 21980
47917 47931
99590 99595
11563 11573
7004 7014
41855 41857
37205 37205
53615 53616
47717 47734
77000 77007
95628 95632
37754 37761
86846 86863
85787 85798
58692 58700
69637 69640
10363 10380
67665 67665
66283 66301
15705 15711
72436 72444
3711 3721
78578 78581
53725 53737
32306 32309
49422 49429
6896 6906
66244 66246
86100 86120
25693 25709
2500 2512
99438 99455
76532 76545
24824 24837
29908 29919
18916 18928
61174 61191
21056 21065
16152 16158
8823 8831
91676 91694
85055 85074
74779 74787
8314 8332
70484 70497
6358 6363
99911 99913
13920 13928
5687 5698
10283 10299
36824 36831
15614 15627
84497 84516
60748 60758
90908 90922
29964 29983
54554 54574
74484 74504
54990 55002
97669 97683
21808 21823
51139 51146
29871 29882
77218 77219
57735 57750
60488 60499
2731 2744
35609 35629
1812 1823
13618 13623
70333 70353
80999 81011
94253 94266
13034 13053
73130 73144
87906 87922
98734 98746
67095 67115
85807 85814
32242 32246
48308 48328
15253 15253
4585 4604
62095 62102
32234 32253
7973 7990
4574 4574
79716 79723
90585 90586
74525 74536
81559 81567
4540 4555
81831 81848
15071 15083
48606 48621
51164 51179
40255 40260
95656 95658
2821 2834
87232 87234
71153 71159
53151 53166
24887 24891
44093 44101
92517 92519
29596 29614
27696 27704
5062 5067
2811 2828
91915 91925
50165 50166
30914 30914
68822 68834
57060 57062
36780 36795
27705 27724
69688 69696
95049 95061
27104 27110
15911 15931
32612 32631
40555 40555
27614 27620
10152 10168
51042 51050
34553 34570
46655 46662
