2000
167853318 167857455
924144032 924161287
296417736 296490692
178589236 178599094
450116921 450177202
136020780 136113308
913644027 913646977
138180098 138238537
901830305 901928242
33389713 33470676
446595578 446651137
625301623 625322136
686076192 686114162
201043753 201114076
558702659 558783945
995924847 996024477
629148848 629205540
863169402 863244818
314791555 314887834
413525449 413536343
543529469 543609384
368054805 368131736
938344407 938379782
273061481 273064951
728331369 728418531
341556278 341646608
745527258 745625193
935173474 935191203
959467006 959550406
282946338 283003768
402603946 402621881
158441951 158484992
654594042 654675947
3716024 3764636
158718573 158817063
448707116 448795066
285726419 285759856
99319639 99401554
144740395 144760655
459414133 459437771
449710895 449721722
286375686 286418057
731515123 731595174
932943375 933035809
257918721 257956512
169729554 169775770
914699854 914788951
780178355 780201824
214267096 214343340
789801311 789874669
959097 995070
807496820 807521603
267136066 267168036
657828601 657873660
719649832 719659922
395483186 395500163
706787285 706826032
534582044 534668730
996422114 996520144
33914860 33990672
507479172 507524906
297188285 297221069
672554175 672645598
336304152 336356465
257864853 257909978
329341803 329393620
585767141 585824525
329834565 329906233
53143098 53193122
623585359 623585994
623493200 623519253
536272505 536273544
154812904 154862353
136294163 136331127
650758192 650786677
921197757 921212212
557090855 557170973
682318591 682383380
741590115 741603059
72425539 72463383
189483965 189582844
790112864 790194692
181654962 181749362
799882766 799932649
656625477 656627755
963944521 964016871
458003731 458094651
361259236 361322873
392039816 392094326
626439777 626490523
615562903 615608644
585204698 585224391
816483110 816524903
881283901 881311535
104484149 104551489
336577359 336588151
910624764 910675810
517787151 517880515
701042535 701115856
559708043 559751840
321901504 321933689
483859478 483872087
986966734 987033842
833406281 833443004
231897813 231963386
979442669 979539013
87069802 87071787
815373422 815464568
230761351 230767565
154452937 154544624
504218964 504266925
209983035 210018056
196474659 196480454
27997975 28078200
535274659 535372734
908606375 908650635
998896653 998991872
633285079 633360731
980610593 980707901
842731412 842762783
524532734 524558266
901887986 901969528
208448544 208516453
39432030 39457551
594225408 594226893
71447243 71531752
612996261 613036408
646870490 646956681
359233310 359299013
551220078 551303345
878711138 878746141
169960105 170048330
37774530 37869294
409435949 409499283
623166205 623189789
875759366 875771185
103826655 103889568
543136804 543186156
13253768 13277024
218730418 218776384
287484566 287509861
487607556 487687985
7195001 7252477
828724428 828782018
54296185 54371055
901653863 901715853
87954707 87963785
82845039 82867064
14080556 14145801
216060270 216060474
80104300 80149942
134721386 134763161
458415682 458505535
684202208 684280007
363120334 363161639
175660076 175714678
305755043 305828697
530001769 530022081
92287078 92383188
309027328 309089598
611749322 611799531
698669038 698728959
358485997 358539993
505918373 505930401
746850599 746885628
422406604 422411018
882761929 882832925
970715012 970722773
51494395 51559592
822146804 822228786
632066804 632086183
884087273 884159920
7587002 7673096
922619203 922640805
327179828 327273245
756461850 756483081
356494965 356586592
481785640 481840656
830553485 830628387
785941114 785964479
918837393 918931479
533593015 533605005
452654138 452663208
8028751 8088917
683667629 683735885
993301242 993337947
460956538 461033100
326544297 326558681
806953413 807040867
390565398 390579963
774491052 774553599
280152832 280177464
180933309 181015269
527543739 527596447
969759296 969814810
508734843 508830988
387958992 387972498
660532854 660581278
274308695 274343082
716959144 716961466
192075047 192100249
94443956 94534388
773678394 773699470
585466298 585532616
948899454 948909279
20911204 20978742
25866988 25949142
716939280 717038113
967836210 967918204
247592544 247593822
944685214 944729383
644292976 644339783
694596290 694679817
348009359 348031718
169038462 169102675
553742125 553795251
762189541 762200374
620675532 620691819
436866500 436882906
920697531 920703959
496872900 496945911
525661657 525699641
93866647 93903593
534768173 534817910
579268667 579278730
189184524 189201182
957762219 957785801
818805754 818859395
418270479 418272484
787139615 787178024
156440080 156523744
443992378 444034866
861297207 861317094
909159027 909224794
523396126 523472709
544780717 544820444
851462081 851532339
993596654 993644819
539093859 539144567
669984165 670058846
491470509 491544888
87310943 87372304
803779414 803860719
548311100 548322666
386218863 386303736
937055504 937081833
86450026 86467672
584193065 584285786
356114170 356155676
609937841 610029225
965765747 965816537
859771483 859848643
586567231 586601879
992630010 992690141
23675519 23735705
982512516 982558362
813554089 813571539
326513497 326548580
524016785 524109747
948206288 948264418
338557711 338562663
749807704 749876716
849392097 849454717
194757269 194758799
717672769 717673164
913991317 914071532
373665589 373700672
93029688 93045330
599318974 599381575
44145428 44244751
506023064 506105993
350924519 350975591
48125766 48180857
602022516 602089990
881716052 881749874
642249565 642341705
853208937 853236113
714915854 714961490
825219093 825263451
326138457 326144601
680350482 680416087
574376663 574460439
364096579 364170005
79357467 79385487
959297232 959366076
480240486 480335070
981364094 981396179
273813412 273887239
1963824 1985245
891108298 891167975
480070365 480108785
454308111 454327443
68682607 68759476
461338110 461433976
433202509 433292371
4855753 4916569
505056148 505099348
320263329 320293427
174737014 174832107
355331518 355371671
702532912 702564865
512612385 512629099
731796504 731810007
640077954 640168559
978327565 978387623
321005795 321099362
213872731 213969366
181926187 181935008
396549723 396600827
696479064 696557507
882792028 882847000
837666229 837686548
596415222 596500381
249431569 249473929
123752215 123783472
645682655 645752621
737051869 737108350
89479664 89511298
15130587 15147702
565778061 565790628
513135655 513150022
784897751 784913973
195869948 195921529
795430187 795477673
651440398 651513336
642741484 642802283
816361445 816455766
65343886 65414005
207751313 207816830
473362240 473426093
961248530 961318766
533584037 533609139
239045724 239071283
328974657 328983965
333861947 333928608
280143630 280224098
683932487 683995456
383107801 383164668
564094211 564131082
597582445 597651671
811438718 811529490
936925716 937003531
279084709 279103705
56110933 56141391
342864041 342892644
488242958 488286034
47517338 47603834
499193421 499239514
81274544 81355531
412256883 412270647
624905130 624994671
420856740 420936849
537898758 537970579
321029528 321113545
526183415 526282270
312223245 312312593
815203215 815211802
495334096 495428502
349965636 350037164
350799065 350893681
699976120 699998723
244634762 244648913
86781278 86877409
826099353 826107690
551716607 551720370
282426656 282492276
964865852 964930876
85163602 85204443
976096573 976160533
608120199 608127217
7551580 7640045
800758618 800797396
947086626 947174945
640243506 640311527
37396747 37494882
699235937 699321560
431789955 431839287
113246256 113329289
551153485 551155064
902245958 902285734
978969092 979041651
176476356 176517919
75807619 75897751
694795277 694861205
761033072 761091941
185700397 185776844
991934447 991961429
297900630 297911391
564820464 564918921
101864358 101884198
840573348 840599533
988587198 988647523
136667734 136749453
691023386 691116834
189963963 189995145
92317661 92396591
430108549 430147178
825201212 825218677
288830760 288838251
815256055 815306134
52652201 52746599
797732647 797750265
681472137 681484733
761804991 761815638
477843682 477849545
297868087 297956892
339164987 339202668
765837440 765890278
234712574 234728002
736452335 736464810
194767229 194823574
697833330 697930179
170262007 170313849
268050142 268138445
779090290 779143309
994144984 994157727
967886415 967946177
321959695 322008558
541802593 541846320
415874751 415898205
130888618 130969841
280512451 280597489
438089439 438154084
358324432 358395236
252460158 252523368
181051845 181138184
119491934 119557314
293131871 293189207
523857632 523944808
211796318 211826422
561932199 562005284
71075043 71116793
749371821 749463894
255933786 255998202
678280502 678365468
581472807 581569248
915972314 916055991
449867673 449942972
191721463 191816667
828478415 828537083
637322238 637391220
178605011 178678175
701491328 701561809
947327857 947400682
195746434 195804076
735406393 735430611
896490 919877
930395421 930423615
54119716 54141600
237341172 237371689
338435852 338443477
734737996 734770125
759120029 759200372
169112357 169114325
990448010 990448912
43615149 43715009
330056500 330134225
155842788 155888650
921228018 921302475
580247411 580266449
257402988 257446854
924947055 925015204
649678898 649705756
150506352 150579559
645657624 645698552
803494598 803511227
707203378 707205962
333345283 333378136
60082803 60131262
827390619 827405605
814022678 814113360
435929011 435964452
545578783 545654573
130143553 130164302
699773550 699822292
87166261 87183329
501392231 501404784
519473929 519512542
659543016 659590260
780261814 780273463
770090623 770145053
994708355 994723839
507560818 507562640
596173882 596239633
782746456 782764394
373574330 373636538
444395796 444446040
91945002 91989053
104699720 104733931
272099220 272141710
5868296 5922575
814608648 814622158
816846924 816914421
718718266 718809598
279560837 279625077
37155438 37216097
563684913 563771870
595899480 595940835
393489590 393554431
862785678 862795349
14923354 15009519
289505969 289561114
223098447 223194899
234504508 234598537
103413434 103456820
18395188 18443567
449085961 449086454
715801583 715844460
512622598 512655849
776926722 776940883
201880073 201927440
946801481 946900329
335079885 335169279
321370040 321386435
186096645 186105301
465789294 465833954
491331850 491344203
313152667 313221313
179303752 179342133
563129257 563218969
648355664 648390043
818453438 818494521
139201172 139215838
192118115 192215918
477248334 477320349
946132280 946174637
365518484 365583268
462085112 462135440
536749044 536762755
955647599 955739940
143399519 143491973
219123408 219190898
638151481 638228737
55070846 55118301
937223026 937320035
326983231 327072350
850653110 850656126
431222432 431234747
586488534 586549271
597687599 597774574
431262474 431353264
833389647 833411564
846754296 846831120
26356146 26419534
659251030 659275818
463107611 463175120
645689662 645711305
28201635 28232219
895697344 895709434
631309346 631347242
959764705 959808923
437122641 437169198
368441488 368462219
412773406 412806337
483111987 483117394
863515920 863558241
530334769 530351922
441356514 441376431
621508601 621606160
817211410 817263549
78928402 78939064
349462785 349499173
577029851 577100254
871046906 871123664
832269161 832342845
894762568 894812245
443751098 443831944
379712591 379715725
675926247 675993152
60609450 60703443
490003287 490056576
730822700 730849286
801681582 801754792
33525611 33610842
322105928 322165432
392131975 392227293
938011957 938097376
819671384 819753340
450457025 450490229
650859229 650926890
881879255 881969178
82219189 82273412
454390859 454428994
203039988 203099701
658410555 658498262
114879216 114919917
135972241 135979371
342340617 342364102
628400798 628482165
100109576 100139704
662325194 662378538
742904745 742974463
711775614 711788836
516655121 516733720
184300159 184387376
746993128 747031602
887616721 887671126
933247561 933248405
71689142 71729974
277468008 277496766
428267289 428337600
801057787 801143570
438033030 438057517
838043365 838045378
810900724 810960514
807019568 807037823
388376520 388383382
584417208 584486003
636800586 636828609
381641761 381719102
589275944 589314116
827456736 827517178
958905594 958913466
313550357 313621158
964332556 964399599
759886469 759908849
358159835 358212464
895024622 895036057
269913589 269990069
109771550 109839613
330251484 330327962
155180609 155196044
837653297 837719849
634697126 634719777
192357612 192380765
257036909 257039367
630233047 630325782
512946890 512959848
479412251 479480321
570182947 570266195
649819740 649890025
854528331 854576769
287604525 287697677
359015171 359058464
240398067 240471095
500634711 500671772
848356344 848430731
18292270 18372843
159280794 159305420
743975794 744054509
569844058 569883454
308061097 308081900
743605387 743616496
572075912 572139975
20365602 20404421
795925551 795987619
153665883 153682627
49707001 49775965
498680124 498692318
725836201 725879517
282814967 282819280
723396552 723461701
593228618 593295499
795634484 795706102
72412046 72468151
321308952 321355836
80656568 80739495
164072636 164163905
950795230 950825799
229533173 229597745
722137739 722181699
117459492 117491498
871798704 871885791
154976748 155009067
798775296 798850344
436881761 436953060
866622103 866669532
350758539 350819771
329192051 329247306
148909332 148925387
372887578 372967425
541335663 541398023
766150579 766208163
313127194 313181512
673283607 673293797
747272486 747329402
261699694 261781198
26344690 26370844
397144377 397161737
144269538 144335026
180754073 180821423
241325738 241385003
73262587 73326111
355267958 355361624
81581723 81648641
345314399 345361550
680463158 680558061
779815702 779841391
621714819 621794016
930530018 930624318
518893812 518914516
110943141 110982514
49896445 49979848
98791203 98848585
8052249 8130072
530847872 530940063
406539338 406623151
690470234 690495017
89905413 89927386
741966027 742016914
345394690 345413096
357647241 357680532
228391642 228427918
668017591 668070137
864319679 864337625
412358915 412363392
734526250 734591346
468501605 468515922
911016095 911115309
296149573 296189061
793577514 793606669
555623921 555632060
610652916 610696549
323587101 323642890
729323180 729368299
380096253 380104158
733511684 733602680
250470800 250541949
119438557 119476421
121894642 121954523
133919590 133946986
577038079 577120238
896469142 896555125
635875674 635912185
368320795 368385084
38759376 38775246
148463913 148510682
802951814 802991035
500253670 500274766
750565178 750628514
431544433 431571433
97602124 97691441
718428504 718441702
358207753 358235998
927441761 927485684
315404076 315479395
666056175 666059220
512371858 512387167
202746795 202758305
929133576 929198595
346808862 346883069
925158610 925174820
256359165 256459071
64170639 64242194
947696308 947764579
170363199 170382884
677510868 677557991
953099242 953170000
278989529 279081674
961330703 961415646
481836276 481854048
853061310 853127908
706154100 706218826
599980804 600059723
997943806 997975094
208777072 208825526
595088725 595109878
869236655 869301136
206540764 206628623
471315769 471380454
934723074 934767447
333245151 333308470
426665914 426709739
509714787 509737269
24871339 24915218
953260803 953316173
331225885 331309903
380613062 380647728
385987973 386063641
215949128 215975201
354127685 354136210
549715520 549728803
214549952 214572643
551827042 551832218
439058782 439089171
539774529 539831226
563296194 563323699
121859064 121862391
89840796 89902167
287570315 287580948
640153453 640218929
614722517 614782019
563775575 563815439
736304966 736311060
36161317 36188270
797711535 797737009
326073365 326097567
5872483 5959247
213337410 213344144
354794230 354808294
149367346 149386769
608426347 608452768
29477112 29503855
347405481 347409000
607485218 607583615
598545888 598624191
577315657 577414959
196219795 196257262
617383394 617412324
977611197 977627650
399358374 399407131
26778944 26788729
955207700 955272356
936546588 936566738
966583259 966594049
28702800 28790062
994857897 994944297
623448698 623522415
938328307 938415651
957647534 957660319
394407790 394458485
669819427 669918931
546568352 546617608
256372246 256431252
492852424 492893485
209030537 209096130
760531406 760546389
971707051 971747802
509298412 509340864
575490379 575561791
748402404 748488487
287306190 287356048
223321713 223351373
983280539 983319987
145614300 145646451
32167935 32181932
527848973 527889179
577531468 577538231
629941726 629968143
23955956 24022977
467082273 467100987
286258678 286268454
872525920 872625277
833180231 833264852
705995694 706047462
434919251 434984545
443763546 443814557
142863772 142921573
420733588 420747560
56691014 56742932
723939768 723998272
372151406 372218929
399745352 399822636
762081245 762091859
925839780 925935386
197552967 197560476
886597087 886601266
340339906 340360509
701984455 701993261
782725234 782814973
489664427 489687893
281782907 281822203
603589038 603648850
834608130 834635018
764769675 764827497
588354172 588446167
606864610 606964526
533236468 533251285
268285485 268320437
632911667 632956093
597700979 597791185
861365124 861367366
142331988 142431345
143358167 143380910
261633633 261687143
469542334 469587141
294531397 294613401
596960465 597001175
386233116 386307920
261802594 261802906
785696191 785760244
892904702 892915509
956707821 956804582
611426883 611457452
881916790 881958340
254855643 254925927
205282175 205347177
163562211 163639711
35318449 35318815
784936173 784944792
84006558 84036971
698705260 698707119
204841709 204851021
447719182 447764631
734682234 734742086
720144840 720147772
744469491 744475670
359214512 359234510
547887036 547933355
520560636 520561714
295846342 295939675
423185929 423267680
518441715 518534046
730375241 730393085
542797256 542835419
187716955 187729393
549807746 549894220
596326585 596422974
965707387 965744230
666327018 666361300
611167089 611241884
323462129 323547670
151301743 151391627
177815193 177896274
865150851 865163576
63037617 63120210
849124567 849183329
806948775 807032769
467660468 467662657
614563228 614619323
414741639 414774041
782861178 782862124
176522021 176598529
51153908 51244198
742373610 742456013
183678955 183704006
798097573 798135261
305515455 305524644
842406247 842504997
779856291 779875844
284821962 284864952
489653609 489742797
593600326 593657374
332418308 332501926
432478555 432539819
473752252 473768544
318769429 318826818
860860516 860948202
889817168 889887215
9802705 9897430
953105682 953134547
990742602 990775340
639420881 639467669
677516706 677544458
213684280 213760915
24967895 25031826
96497605 96517977
647382196 647450215
805671743 805744338
94510737 94524990
824010412 824057633
779054297 779122960
400726982 400765084
166643602 166679448
571018520 571045601
396113484 396163520
429850776 429891963
629784281 629851234
533773380 533831391
285025772 285120413
911525851 911546849
889935794 890011528
842738685 842790192
296490973 296524211
495579244 495590444
175499348 175585094
739508369 739534372
662679504 662768577
385090714 385119189
68465600 68540155
15334600 15365479
954764965 954840352
714380144 714449251
24133288 24184080
254785936 254831735
535110614 535135232
160968941 161066247
628449932 628523219
8523931 8623637
688223068 688229044
759055999 759132956
149221176 149305848
906058082 906156362
723220504 723221700
753568909 753636720
825148104 825183493
524591031 524664023
36274955 36345840
195586016 195616853
974636037 974714919
423770144 423770618
680397364 680446276
647464763 647563038
821361214 821390713
320244075 320291167
10667055 10765254
494693081 494780133
906968536 906974001
833233347 833250738
221627982 221713827
453904149 454000762
132152761 132212470
748033352 748070324
868314513 868412364
306661100 306665907
700602079 700634725
832685311 832782738
494506117 494565245
683269748 683332150
669751444 669806404
654812647 654829123
4938253 5014856
184421679 184495976
66309029 66342185
164597167 164656257
422704062 422731447
339847655 339860151
745395841 745485962
368190305 368221077
186228887 186277973
806291523 806330153
789974742 789995003
863461026 863475772
498021748 498107785
285458824 285483057
834997329 835016743
726416035 726450087
406697654 406718737
544433103 544476944
47141781 47153247
153692293 153717037
923453321 923548082
538109030 538153621
166779886 166791913
112646244 112678890
724438388 724465615
988627705 988652574
57111117 57151659
65597998 65672625
657842150 657847986
524441721 524469023
392590393 392635654
353226755 353254959
731250719 731332311
350139156 350180175
286147707 286202657
831939836 831996372
115917693 115918464
290680140 290734114
531482346 531518240
416248657 416281449
67571285 67595950
805270772 805319647
75876475 75969912
657578373 657583411
57391238 57463384
191163794 191209271
127485266 127493284
523025837 523033815
130220646 130315205
671703976 671786373
825787846 825833334
489919946 490000857
710157946 710253156
340345432 340371485
62593824 62621319
47002678 47007000
405399163 405421096
785586664 785670301
902028413 902068967
217091060 217142787
122114976 122135778
475624429 475662714
828103671 828176524
343228167 343271500
583532267 583587079
409723271 409783373
339020396 339083741
732866682 732878161
990705557 990720094
229334598 229407087
44613453 44686820
72886859 72942661
151340087 151340657
39382257 39437236
408560051 408642151
330386745 330411504
965504332 965505236
218810908 218906505
822594783 822594823
745523077 745593047
921786282 921872106
482811667 482867458
884890841 884974641
651763056 651822588
733119972 733177694
758048897 758147259
322674798 322688874
957713378 957759704
803709501 803803697
41485803 41545335
276617435 276714836
234615477 234702701
521942472 521943172
580570811 580662545
634325227 634412712
606782796 606813401
693727263 693778279
288853729 288878393
392871912 392924075
34525507 34616239
366220887 366276114
504901172 504975806
996322302 996403988
140599170 140691955
231392545 231462476
577303255 577351911
241968328 242066671
827185813 827218454
152298897 152382705
724298799 724342974
104261456 104278135
621224311 621248510
54610674 54670701
462502968 462548663
621961190 621984495
245950405 246003532
209699819 209699889
477440872 477471923
33127510 33129800
15193574 15201727
260868361 260901770
584348646 584357649
67941375 68040065
260681006 260739957
431725024 431728682
191369510 191414332
992502295 992550430
35535941 35580511
427087142 427182319
889113319 889167312
216917402 216968277
561548626 561550194
254243401 254287302
257835666 257840054
506406478 506443534
429521026 429614771
547292602 547354466
746086290 746117187
862983314 863054582
33770992 33857150
944142671 944208743
111084821 111118390
555624154 555703147
346378958 346465864
768490245 768507360
281530166 281557846
649315560 649326336
743755726 743827269
432180989 432200483
392775136 392813693
842660272 842752799
172606060 172653057
2671351 2750639
596373827 596451875
773203635 773219539
977668896 977671952
640274181 640294821
469778265 469860905
31758597 31789481
860785643 860853937
470397011 470462749
788194553 788263538
926090870 926127333
177078308 177126290
789785525 789805338
724246432 724252978
242469208 242494004
670862575 670917587
96682617 96759552
933450024 933450797
123835017 123922777
671682278 671767380
288138405 288223640
180725378 180761795
458358818 458420004
946810485 946839522
815567349 815612555
961245746 961295899
944614946 944640535
672427955 672462752
862274934 862299184
942106061 942121700
631805690 631819212
868710511 868771073
268162826 268178710
475178609 475220423
117451261 117547725
809768992 809811035
512730575 512813315
366717833 366748228
911369945 911422516
902107373 902110307
897890190 897938502
726268183 726297059
233000674 233096064
568418584 568491300
529348969 529371133
232572849 232589407
864898450 864982298
851019976 851048994
967818309 967886571
137311752 137386989
537365439 537382365
847091275 847105728
590732506 590776629
548673380 548729463
367162759 367193549
786054329 786128183
792063271 792078844
513799407 513875971
401698847 401741997
506587800 506662770
256924546 256972355
882447770 882514214
573504662 573510903
289608681 289693553
781288232 781378657
733054087 733079773
132052252 132149540
442716279 442716984
634546335 634551917
997355882 997402816
441033232 441062675
570666474 570759674
390913124 390992842
932511390 932531240
900751364 900769663
973444795 973544146
644327631 644394721
102917572 102937698
465311905 465316686
429893842 429992868
391156900 391212068
11043910 11103752
80267228 80360828
242115494 242186286
240716620 240724423
413333438 413425892
495311922 495382302
420858613 420907764
4343729 4389285
194188367 194275741
410462297 410504176
467702184 467772134
825467091 825480478
95009306 95091764
638469589 638481049
89234289 89280618
806278491 806344355
597813744 597831460
720944024 720963380
955036065 955084316
331174357 331243560
884185467 884221137
7738667 7738873
90217068 90285245
549145826 549184894
533263605 533333724
203503666 203509863
904209100 904306729
213684837 213761450
554439315 554512448
756374257 756414359
142485111 142540653
341368374 341385249
277792632 277847621
102477281 102506764
667955429 668051490
327603712 327630233
173873794 173970996
304591630 304628751
111108410 111174409
115233071 115309081
718938802 718978298
362329648 362407038
132964339 133010197
596688001 596780496
340597880 340610970
192917795 193014731
156939090 156977555
399957185 400005648
112713101 112741896
382713049 382808458
68556215 68638274
775402077 775405970
743686613 743774893
86094368 86121060
300304757 300374915
542918004 542947764
435516196 435576749
704498297 704507997
369089882 369108337
258287439 258357277
385112955 385144657
214552444 214646400
400123841 400192320
11417498 11428234
973334529 973402949
556682336 556747362
520052900 520104843
795115844 795129197
283639675 283685030
501320030 501340453
127521084 127535870
320812169 320911895
18163294 18199129
317774645 317836281
815479848 815577494
916163578 916259066
127875966 127972771
524529837 524542316
381875044 381914679
763842045 763886820
342439714 342520313
444959719 444959809
352618043 352709753
280795004 280824984
628650215 628731684
64501771 64539101
391620346 391641277
663243537 663283009
39161374 39181769
779476460 779545105
251330640 251387628
425546011 425619045
158976128 159005603
667795917 667811139
649976452 650034705
955490596 955566699
964500641 964577283
426885718 426894656
737357326 737406661
780283288 780377405
295050924 295129525
573173758 573182753
711720694 711752423
723033629 723068719
996811698 996848429
449501435 449530433
917472413 917475164
865613523 865687722
976050970 976082920
32378050 32395078
38480653 38531633
485242308 485282538
3458910 3501715
27905329 27907961
423645378 423730376
612118741 612205497
293107050 293134102
639555756 639608942
333457787 333485923
575523501 575574794
274402558 274496727
103926822 103970171
579382481 579415504
467284172 467295105
407146518 407207985
236606662 236682307
274736103 274758367
721870113 721888063
896289733 896314647
138980957 139014856
850454529 850476682
479647139 479734072
390536534 390554936
533989931 533994287
13231224 13236540
409298659 409381254
38181894 38277187
58685476 58755029
460986361 461033401
990435279 990467946
123330591 123357588
501911687 501972495
224358641 224416954
903051448 903131953
588171278 588260244
968225686 968262440
601731697 601755821
338310814 338402664
423963952 423965123
851171532 851193287
596018999 596055930
628215978 628281971
30278354 30285131
8168205 8250969
505487652 505519450
626901162 626936667
922055930 922144247
797928182 798019185
429205718 429207842
861015750 861030125
943134535 943168126
163054425 163102184
542930675 543019011
110915652 110924753
290485923 290542671
252764463 252779608
971136590 971205545
923100444 923176073
104601921 104605004
910497121 910566679
539100300 539181683
689561042 689599583
37217346 37277685
165473807 165563885
726998516 727003412
10420845 10519273
180650678 180684209
248461927 248481496
150527543 150599367
561115846 561162007
181990549 182006029
775054809 775069444
470472433 470548276
441749873 441810062
424565119 424609186
342299693 342343641
153008181 153073143
71588301 71633354
8147970 8203853
43256569 43300939
737223448 737267547
241207217 241234888
806975788 807037648
151059623 151133013
602467300 602519864
496598498 496639407
115860470 115885737
95645560 95709188
21653408 21718403
959505262 959577173
25319414 25394901
66290672 66387331
530746144 530822647
22533098 22570664
403307909 403353163
971373532 971426043
500844198 500913038
74283153 74289740
510869145 510919447
508098327 508165657
107913897 107999749
914201667 914236351
620664699 620745545
552832575 552875635
719376698 719462936
731821579 731870148
63793308 63859653
196265531 196288141
149807428 149906735
456849559 456942275
156624890 156675304
141754437 141801070
409170641 409184009
436671159 436734737
381507192 381586353
179216911 179224958
983968264 984046695
155360787 155391454
995359299 995385765
980199892 980206554
694298849 694354679
246287673 246363249
819226947 819298845
269913430 269968842
741225916 741324372
176448152 176530305
650047871 650121661
349472333 349552303
362320798 362347928
422969383 422999186
91283388 91346838
262897686 262920957
370552673 370618102
216091587 216123651
220104463 220110446
361242195 361291004
572996488 573036936
345416315 345427990
724120673 724135555
903930905 903996150
956814111 956901689
70850472 70940202
99177183 99184276
158501866 158517038
620616641 620645549
96073020 96099487
508857315 508878433
782049325 782085991
478471536 478490999
256308240 256333695
770209559 770274375
676753868 676754891
868219391 868265174
591477953 591570739
265742073 265774477
956487134 956543635
663404141 663453995
517033973 517109075
112295899 112355466
783361144 783387176
603228789 603293791
767895835 767964415
400674116 400731165
167068952 167083582
210461873 210527121
297296515 297323112
58142603 58152425
487640960 487642620
423644279 423658342
724139002 724149618
601427675 601495540
158051678 158121301
295125886 295151538
87074565 87112496
423906057 423906168
913977066 914063652
89769252 89777509
822924575 823011927
323545756 323565617
318281487 318380012
445470809 445499843
682501247 682584193
148968342 149066165
631034500 631042330
837023258 837042665
662038861 662087694
341853407 341911861
781353444 781427380
765462940 765464887
907986654 907990681
52303917 52306217
946659401 946671143
749833633 749917413
555837582 555861131
66238902 66328141
399445707 399497853
716293717 716338862
844166971 844208646
228335125 228379855
172354596 172384459
81983706 82005933
591982906 592032055
413854618 413914079
857614872 857689863
708021421 708060843
559248013 559323964
830689873 830727662
863393082 863491306
319550866 319580855
397722369 397784224
660270301 660356978
41437892 41524127
891985114 891996509
265526824 265551438
494324809 494395828
402691204 402734467
216079678 216112777
182245960 182323057
297619607 297690983
921388786 921443607
493226341 493302743
382023450 382111636
15665257 15703031
29321999 29324937
25799660 25895469
820306595 820332438
814143166 814196726
465456411 465531753
647567479 647568812
748752521 748766608
686983806 687050202
390257024 390347774
522561893 522660682
957818334 957851969
487871077 487930285
791216467 791301906
863546149 863612222
715876315 715960929
148623404 148684414
327364339 327368186
741611083 741706699
711043064 711049804
666459753 666477972
691363153 691408088
473804344 473866046
620675186 620716911
75270105 75313491
379043279 379044150
933284740 933323926
102282538 102363536
681088532 681145227
708545314 708580023
552301828 552331458
896556997 896608038
620401626 620435573
34379024 34449818
919635036 919699256
754819540 754849711
900278020 900286554
578367720 578403503
237575286 237667708
790576980 790587005
773387446 773404238
116389909 116466060
299537265 299564126
699049799 699063819
538973084 539006551
595544030 595552824
96758128 96841607
26192399 26270236
637907919 637947367
696179294 696186370
759223228 759231718
376767120 376814597
88545221 88600122
336609779 336693844
386714593 386792091
53988448 54087193
286646151 286650923
66810129 66820426
683535317 683570224
433260200 433262078
827784607 827787064
767978 805740
635177854 635204294
562898113 562983887
43363061 43399611
446181314 446271702
979052076 979064542
666374732 666456609
594888479 594920955
446268990 446297765
471845955 471895597
124209842 124238320
623402915 623491681
658998429 659086298
915245777 915255994
482394838 482481512
365142918 365187725
155175385 155263546
582473289 582497481
216458032 216480124
469362350 469437848
657952786 657968384
226456919 226481870
612837414 612919735
723267312 723352835
632117614 632209448
145773855 145791430
586179041 586274816
407360679 407460526
907390663 907448333
103903406 103963828
611080951 611085173
703617714 703645456
533137856 533230296
96463695 96557929
407007451 407013583
741612371 741661235
149098170 149131722
32753029 32808949
428705893 428735771
872536377 872636303
282286150 282363824
221273666 221308102
49329890 49339651
529698358 529746625
689901347 689932917
966582484 966597729
744875837 744969844
191981723 192004409
289703041 289775004
617061920 617114371
772130398 772197660
690124875 690199723
527877145 527910364
106495847 106516196
70466590 70516862
443268844 443346556
304876107 304880904
8168760 8181889
1789412 1791730
533034909 533062285
384071040 384166344
461958603 462038455
823381545 823416212
152417765 152501170
967181792 967256459
694437779 694472450
615797445 615861588
186173613 186240099
40770995 40838519
883135281 883172692
973756164 973844468
727432103 727492384
710549590 710617647
693808696 693847486
692133263 692202946
430277902 430304652
463231481 463285550
678650118 678693929
801676616 801713625
734020625 734043164
726111596 726124265
141863458 141865960
371037652 371044963
199326075 199399600
234886405 234931403
916724016 916732578
278607443 278627194
943395242 943453268
962275521 962347283
842186094 842259450
518963789 518965614
151561231 151658936
879971799 880021340
773548738 773585378
366008527 366103213
769095404 769108746
416244383 416340898
774836119 774892538
831040586 831090654
316095843 316163830
637629199 637728968
534312443 534367318
633767369 633863531
693434048 693490171
775951739 776040362
924600054 924687966
957721910 957749429
366674373 366758845
203743041 203842781
127424018 127467936
175777804 175784844
699247901 699249036
411286906 411363670
26868912 26966123
52968481 53043061
18762541 18815404
384591550 384684320
412824084 412909288
447055358 447106466
767402141 767428268
258031533 258040913
763313032 763401736
987770209 987855103
698539649 698574051
990276984 990323535
295404646 295470403
289236728 289284062
572668501 572687909
573730932 573760225
62804186 62852893
36798606 36838279
910757861 910774243
671235783 671251744
116500463 116547809
841566761 841594123
877426759 877518738
393299946 393316447
281867003 281911314
616406059 616406075
151524864 151594198
773706360 773779537
664179580 664203197
977564940 977577669
864761490 864789946
668187030 668237713
387755102 387769843
540532137 540600216
70577491 70609894
590891189 590909169
489088876 489141352
193573967 193640394
907993932 908049092
114677411 114750039
98982621 99001315
43034856 43105090
266682132 266759665
516246068 516344946
587969360 587990308
496284205 496342113
872751542 872777032
456402016 456419133
837804245 837824765
901542777 901589588
10358132 10390616
476234923 476260336
740926844 740973801
997320406 997354862
974532862 974547062
814495724 814535828
176674415 176726647
769702234 769730424
944225022 944265728
133646115 133727261
475155597 475211888
505621325 505668817
873368017 873403168
447980624 448032719
903262195 903271783
545522858 545591822
213074225 213144357
72257639 72279580
753682236 753761682
900277629 900343651
538127240 538139084
28814041 28881580
800492557 800518978
485610736 485683257
474960890 474963837
672321878 672375886
664529806 664612954
342330205 342399343
550697578 550764436
401804704 401898846
950540312 950619825
84707704 84760933
17329570 17349532
631292739 631305570
285661576 285676295
235431791 235510558
236928629 236998260
255924185 256016846
69906910 69918798
33074682 33148456
531889479 531972150
760977111 761063954
860735101 860736633
704286317 704335622
479930811 479990325
467574476 467619393
768145295 768171672
928284565 928381905
149297730 149379783
141338315 141359413
448867329 448875391
292448968 292484229
204747779 204770390
665177955 665266454
650872782 650886785
238483126 238519779
643105304 643155783
263916039 263994010
567586146 567618490
71213547 71239021
283255911 283296644
682863096 682959949
83306789 83321610
604235525 604326849
477586745 477604859
196620357 196633453
590520391 590534591
948641474 948733785
579238899 579295441
252593188 252618199
952556411 952568264
33387472 33427583
243056955 243081508
729565590 729591465
222946534 222992438
208048361 208067149
294397212 294408307
256597342 256671540
184482896 184502434
796595746 796630788
953524957 953608376
974381076 974476103
484132940 484168218
954119557 954178839
897915224 897994318
850975959 851047931
937373209 937383129
432337099 432352504
255744381 255818314
617594367 617603778
889657789 889753629
692942356 692994537
15205935 15211051
240930121 241008075
474584672 474610422
935837301 935844905
450260688 450328146
22549377 22633250
103792841 103889968
690806233 690888143
708911049 708974985
990239568 990322205
920612557 920657211
780667886 780703392
522140368 522198845
737735427 737766752
485715256 485748485
850683635 850725833
157875750 157901145
162387398 162420223
971644689 971680480
321154707 321246609
346778282 346851984
729716443 729734522
139056281 139128151
585985847 586074962
719715423 719719285
226336160 226351414
785169745 785209967
997532260 997572315
743802483 743840290
239175189 239270462
931722198 931761745
592911295 593003074
147452091 147537404
131443846 131476071
227156928 227189264
262617628 262708516
400456336 400517291
152448202 152503992
309371726 309451644
5449014 5463150
944749847 944770105
82001426 82006114
452199889 452252147
408847650 408861341
785846533 785853509
125422221 125430428
776401016 776474424
640728384 640736060
472832040 472898179
811592606 811626776
812977157 812993468
331016790 331092716
133179631 133233763
531406191 531435203
440829695 440882283
506695465 506698688
380040999 380048690
238618015 238674213
813515464 813574708
215937725 216023750
255730961 255800469
789131980 789186073
309917763 309937242
763910722 763977300
36129467 36226693
168418932 168450714
975194884 975257057
694746672 694798001
547073954 547173154
631720678 631804928
166869093 166916470
299702817 299778956
680758524 680787694
83729940 83775170
211122734 211206873
415256775 415282235
678869656 678899327
679425289 679477874
643751952 643851427
504296269 504393256
29854763 29901879
340423847 340493144
519732800 519747743
383818910 383877798
649935834 650019924
587860126 587923298
57422242 57450581
195419027 195489626
237322864 237400694
882146645 882201078
786104885 786111422
398667012 398691706
196722404 196744940
654359237 654362751
180660321 180738224
677791915 677839021
418972459 419011189
607641813 607674670
926889531 926894376
496349619 496438146
401128465 401174773
402878660 402940956
274670945 274675355
461220609 461301185
604370927 604381129
474656614 474709806
440436597 440508447
622602153 622655397
565054785 565135794
3280906 3378719
795665778 795764698
28827656 28915915
980098513 980197927
416717576 416732811
466178685 466231646
192135843 192159424
886451492 886486063
434569188 434571118
